# day   mean_magnitude      mean_magnitude_error
-9.5   0.293855521205921   0.0432476984420351
-9   0.212519953648472   0.0323772220978295
-8.5   0.150752334012711   0.0295440115611323
-8   0.0751151280880385   0.0229012097233453
-7.5   0.0306168689360701   0.0202347178346255
-7   -0.00978667034610578   0.0156588313784027
-6.5   -0.0388697269066805   0.0134634674975232
-6   -0.064508944659892   0.012130988029969
-5.5   -0.0809615340974422   0.0110676145493704
-5   -0.0928030516766361   0.00989220154308277
-4.5   -0.0990930540968278   0.00896099636938309
-4   -0.10167315458654   0.00720424535753472
-3.5   -0.0991494567043487   0.00660308702300744
-3   -0.0915047336697675   0.00571627920102159
-2.5   -0.0815905935152744   0.00506782916485605
-2   -0.068674854638329   0.00413734468636898
-1.5   -0.053802186291587   0.00321070613039557
-1   -0.0371449364398565   0.00216255423268389
-0.5   -0.0190674101111125   0.00109999078505247
0   -2.93626097726084e-09   1.21539077365488e-06
0.5   0.019549184383549   0.00116558895972247
1   0.0393537652070473   0.00226963122396596
1.5   0.0590033830706048   0.00359309283308025
2   0.0785312433098762   0.00474616825694271
2.5   0.096702596395848   0.00589458659453567
3   0.114767025516011   0.00722036705939697
3.5   0.131463181137066   0.00830666964582092
4   0.146848675739093   0.00916051239705672
4.5   0.16067153161893   0.0103468618921177
5   0.173151300328475   0.0115257270394748
5.5   0.18466207464397   0.0127234438755274
6   0.193789688459006   0.0134028010609209
6.5   0.201306699233957   0.0142904254178292
7   0.207024841596272   0.0152808557751786
7.5   0.211556851628425   0.0155876985350989
8   0.2137357119892   0.0166103901927606
8.5   0.215041566545394   0.0170655980147959
9   0.214058695761298   0.0182230183334827
9.5   0.211620336256735   0.017915075259923
10   0.208166328131702   0.0184771158921812
10.5   0.205700054375166   0.0187913241784218
11   0.197814161254338   0.0193397643801039
11.5   0.189820391936839   0.0198692144900826
12   0.179345726356026   0.0200123419795792
12.5   0.168129390217511   0.0198491335353305
13   0.155672577219182   0.0200436645456438
13.5   0.140808720527559   0.020601490978136
14   0.126597486266021   0.0208330242948554
14.5   0.106233534110525   0.019637811366675
15   0.0887012862582055   0.0193855172800624
15.5   0.0703388483564006   0.0197024152425121
16   0.0529149554963758   0.0192829712904833
16.5   0.0344547984320767   0.0192902618224877
17   0.0167339515357334   0.0188562926450835
17.5   -0.0013156517875721   0.0185795162293404
18   -0.0176768759907148   0.0177814170352909
18.5   -0.0338584939298765   0.0172151707267701
19   -0.0490743052426645   0.0165533182275732
19.5   -0.0649798886321087   0.0168069518272544
20   -0.0790294846815415   0.0163110888961145
20.5   -0.079962139779215   0.014080275025485
21   -0.0907532788487349   0.0140326848006625
21.5   -0.095904080005548   0.0132533750444465
22   -0.102281700381958   0.013578241167857
22.5   -0.10568719249561   0.0141009646931719
23   -0.107876888322334   0.0140136029874603
23.5   -0.103879569845354   0.0144243721067735
24   -0.101651051776031   0.0160386651345296
24.5   -0.098227215378555   0.0179260043865293
25   -0.0923878576862099   0.0194442552936415
25.5   -0.0839511840708205   0.0213235105386291
26   -0.0753675186564903   0.0231881404034086
26.5   -0.0631554285198103   0.0256934482849221
27   -0.0500122731582914   0.0273155833119068
27.5   -0.0341305860198294   0.0293435328346301
28   -0.0176079603379045   0.0310688251505068
28.5   0.00162166424830206   0.0335766267712905
29   0.0210320159388342   0.0363580672740488
29.5   0.0444730331355623   0.0389740694087641
30   0.066923109741057   0.0405236879120365
30.5   0.0989604656591846   0.042694128019276
31   0.124392955170393   0.0432111210105138
31.5   0.154480678031445   0.0454953716543495
32   0.183408142360733   0.0460688268705965
32.5   0.216272339158805   0.047563107604279
33   0.247547646341458   0.0489705579315202
33.5   0.291386561334341   0.0513599263751019
34   0.324372110151628   0.0515341867739507
34.5   0.342144048280335   0.0508471549654023
35   0.374536480429455   0.0523539850353607
35.5   0.405725375143384   0.0510785859340277
36   0.437949389308331   0.0527443354931528
36.5   0.438377151476028   0.0489520121906216
37   0.472235639113477   0.0497233802258947
37.5   0.514552067314332   0.0503927465427144
38   0.544989028239736   0.0496178568322766
38.5   0.576252567304427   0.0497450966458254
39   0.605118781531004   0.0502418801694079
39.5   0.643080035515341   0.050220145371999
40   0.671798653480748   0.0502695877897268
40.5   0.674236975937293   0.047583463219827
41   0.703443757208538   0.0489251383282349
41.5   0.732527848285202   0.0497961285043758
42   0.759434253464684   0.0502834662294543
42.5   0.794358457208849   0.054134529205508
43   0.817756813285025   0.0530830637327137
43.5   0.83151232320734   0.0543421065239878
44   0.852446615955601   0.0552317427794863
44.5   0.887158525305824   0.0604107706073304
45   0.908154767810877   0.0604049426752661
45.5   0.9200161470383   0.0610677999807102
46   0.942757640691604   0.0611295276398417
46.5   0.975442838364759   0.0653703659798218
47   0.995145456303892   0.0639715123591917
47.5   1.01852595986133   0.0645069004355108
48   1.03891371018769   0.0650557578554841
48.5   1.05863263120771   0.0649757106084697
49   1.08078239456971   0.0653445169271812
49.5   1.09953729994097   0.0644464448227249
50   1.11873529560139   0.0650805602481056
50.5   1.10992467295346   0.065530276657577
51   1.13189806736802   0.0655881169135452
51.5   1.15853687702271   0.0708008094984168
52   1.18137080782522   0.0707157036277735
52.5   1.20761584389134   0.0735035733969154
53   1.22799556640284   0.0724037240617931
53.5   1.25566731895437   0.0747173669860908
54   1.28127018810194   0.0749932942443442
54.5   1.29686549483829   0.0784609157175961
55   1.31744417600116   0.0790684258255582
55.5   1.35628814935167   0.0822243495970575
56   1.37921946472329   0.0810270987616909
56.5   1.4259191924677   0.0859792988512399
57   1.4475555518305   0.0881903673001839
57.5   1.45520085369457   0.0886842472416652
58   1.47028570520204   0.0865890780483791
58.5   1.48394788049275   0.0833844541648295
59   1.50398346813262   0.0841737647418071
59.5   1.47248789623836   0.083899795231643
